#----------------------------------------------------------------------
# m       age    Teff     g    log L 
#----------------------------------------------------------------------
 0.1 0.000100000005 3055. 2.5717123 -0.24033217
 0.1 0.00015 3055. 2.6315422 -0.3001623
 0.1 0.00020000001 3048. 2.9752126 -0.6478175
 0.1 0.0003 3048. 3.0285418 -0.7011469
 0.1 0.00040000002 3041. 3.144424 -0.82102305
 0.1 0.0005 3041. 3.193067 -0.8696662
 0.1 0.0006 3041. 3.219597 -0.89619625
 0.1 0.00080000004 3041. 3.2406154 -0.91721463
 0.1 0.001 3034. 3.2900138 -0.9706162
 0.1 0.0021 3034. 3.634552 -1.3151547
 0.1 0.0030999999 3027. 3.7890456 -1.4736607
 0.1 0.0050999997 3027. 3.9612763 -1.6458915
 0.1 0.0075 3027. 4.0674114 -1.7520268
 0.1 0.01 3027. 4.178664 -1.8632795
 0.1 0.02 3027. 4.3834186 -2.068034
 0.1 0.03 3025. 4.4993234 -2.1850867
 0.1 0.05 3025. 4.6486554 -2.334419
 0.1 0.075 3023. 4.743714 -2.4306262
 0.1 0.1 3020. 4.8430157 -2.5316527
 0.1 0.2 3020. 5.0213284 -2.7099655
 0.2 0.000100000005 3327. 2.76146 0.019116273
 0.2 0.00015 3327. 2.797853 -0.0172766
 0.2 0.00020000001 3319. 2.8304334 -0.05403929
 0.2 0.00025 3319. 2.866838 -0.09044398
 0.2 0.0003 3319. 2.9036553 -0.12726118
 0.2 0.00036 3311. 2.9365113 -0.16430943
 0.2 0.00042 3311. 2.9728613 -0.20065945
 0.2 0.0005 3304. 3.1483893 -0.37986395
 0.2 0.0006 3296. 3.2092195 -0.44490555
 0.2 0.0007 3296. 3.2729523 -0.5086383
 0.2 0.00085 3296. 3.3787076 -0.6143937
 0.2 0.001 3296. 3.42986 -0.66554624
 0.2 0.0015 3296. 3.5767932 -0.81247926
 0.2 0.002 3289. 3.719228 -0.9586073
 0.2 0.003 3289. 3.8668587 -1.1062382
 0.2 0.004 3289. 3.940419 -1.1797985
 0.2 0.005 3289. 4.0139866 -1.2533658
 0.2 0.0075 3289. 4.0866785 -1.326058
 0.2 0.01 3281. 4.156507 -1.4001169
 0.2 0.015 3281. 4.3030715 -1.5466816
 0.2 0.02 3281. 4.413967 -1.6575773
 0.2 0.03 3281. 4.523394 -1.7670039
 0.2 0.05 3281. 4.6325383 -1.8761483
 0.2 0.075 3281. 4.7435527 -1.9871627
 0.2 0.1 3281. 4.8533 -2.09691
 0.2 0.2 3281. 4.906357 -2.1499667
 0.4 0.000100000005 3617. 2.9596176 0.26717174
 0.4 0.00015 3617.1 3.1699324 0.056904845
 0.4 0.00020000001 3617.7 3.1779072 0.049218025
 0.4 0.00025 3619.5 3.1945658 0.033423774
 0.4 0.00032 3621.4 3.2118678 0.017033324
 0.4 0.00037999998 3623.5 3.2299082 0.
 0.4 0.00044 3623.8 3.2477808 -0.017728776
 0.4 0.0005 3623.8 3.2662642 -0.036212165
 0.4 0.00054000004 3624.5 3.2809975 -0.050610002
 0.4 0.00058 3624.6 3.3010166 -0.07058106
 0.4 0.00062 3624.7 3.3166695 -0.08618615
 0.4 0.00066 3623.5 3.332281 -0.1023729
 0.4 0.0007 3623. 3.3488548 -0.119186416
 0.4 0.00074 3622.8 3.3662498 -0.13667713
 0.4 0.00077999994 3622.5 3.3843307 -0.15490197
 0.4 0.00082 3622. 3.403114 -0.17392519
 0.4 0.00086000003 3621.7 3.422865 -0.19382003
 0.4 0.0009 3621.6 3.4366055 -0.20760831
 0.4 0.00094 3621.4 3.458049 -0.229148
 0.4 0.00097000005 3621.2 3.480617 -0.25181198
 0.4 0.001 3620.9 3.5043852 -0.27572414
 0.4 0.0015 3620.8 3.521043 -0.29242983
 0.4 0.002 3620.2 3.751204 -0.5228787
 0.4 0.01 3620.3 4.2283735 -1.
 0.4 0.03 3615.5 4.5270987 -1.30103
 0.4 0.05 3610.4 4.6215563 -1.39794
 0.4 0.1 3605.7 4.8234134 -1.60206
 0.4 0.2 3602.1 4.897399 -1.6777807
 0.6 0.00001 3882.9 2.9857817 0.54032946
 0.6 0.00002 3882.8 2.9685593 0.5575072
 0.6 0.00003 3883.06 2.9591563 0.5670264
 0.6 0.00004 3883.42 2.951156 0.57518786
 0.6 0.00006 3883.47 2.9534945 0.5728716
 0.6 0.00008 3883. 2.9591296 0.5670264
 0.6 0.000100000005 3883.35 2.9664059 0.55990666
 0.6 0.00013 3883.39 2.9797878 0.54654264
 0.6 0.00017 3883.32 3.003855 0.52244425
 0.6 0.00020000001 3883.2 3.0265584 0.4996871
 0.6 0.00023 3882.79 3.050391 0.4756712
 0.6 0.00027000002 3882.25 3.077114 0.4487063
 0.6 0.0003 3882.03 3.097587 0.4281348
 0.6 0.00033 3881.41 3.1155112 0.40993312
 0.6 0.00036 3880.93 3.1360636 0.3891661
 0.6 0.00040000002 3880.63 3.215465 0.30963016
 0.6 0.0005 3880.52 3.2971594 0.22788672
 0.6 0.00056 3880.27 3.378806 0.14612803
 0.6 0.00062 3880.56 3.4111207 0.11394334
 0.6 0.00068 3880.96 3.438883 0.08635984
 0.6 0.00075 3881.15 3.4684231 0.056904845
 0.6 0.00082 3881.97 3.4963112 0.029383799
 0.6 0.0009 3876.43 3.5188928 0.00432137
 0.6 0.001 3876.96 3.5475605 -0.024108874
 0.6 0.0011 3878.02 3.5769835 -0.053056736
 0.6 0.0013 3874.05 3.6072755 -0.085128166
 0.6 0.0015 3871.45 3.6384563 -0.11747546
 0.6 0.0017 3865.09 3.6705523 -0.15242735
 0.6 0.002 3862. 3.7364182 -0.2196827
 0.6 0.0025 3852.48 3.8082974 -0.2958495
 0.6 0.003 3851.8 3.8647583 -0.35261703
 0.6 0.0036 3851.38 3.9298885 -0.41793662
 0.6 0.0043 3848. 3.9751325 -0.46470588
 0.6 0.005 3844.75 4.027516 -0.51855737
 0.6 0.006 3840. 4.090171 -0.5833595
 0.6 0.0072 3836. 4.1645565 -0.6595559
 0.6 0.0085 3835.8 4.221609 -0.71669877
 0.6 0.01 3835. 4.28444 -0.7798919
 0.6 0.015 3835.5 4.3345127 -0.82973826
 0.6 0.02 3836. 4.394411 -0.8894103
 0.6 0.025 3849. 4.4426923 -0.93181413
 0.6 0.03 3861. 4.4971695 -0.9808837
 0.6 0.035 3895. 4.5398474 -1.008331
 0.6 0.04 3929. 4.5818834 -1.035269
 0.6 0.045 3970. 4.6065626 -1.0419141
 0.6 0.05 4011. 4.630674 -1.048177
 0.6 0.06 4068.49 4.6647153 -1.057496
 0.6 0.073 4080.89 4.6785126 -1.0660068
 0.6 0.086 4082. 4.692855 -1.0798767
 0.6 0.1 4079.74 4.7073007 -1.0952845
 0.6 0.11 4073.79 4.71683 -1.1073489
 0.6 0.12 4065.43 4.719986 -1.1140736
 0.8 0.00003 4061. 2.9870179 0.74193907
 0.8 0.000050000002 4062. 3.001031 0.7283538
 0.8 0.00007 4061. 3.0146272 0.7143297
 0.8 0.00009 4064. 3.0338836 0.69635636
 0.8 0.000100000005 4065. 3.0539737 0.6766936
 0.8 0.00016 4066. 3.0740387 0.65705585
 0.8 0.00022 4072. 3.1403701 0.5932861
 0.8 0.00029 4071. 3.2068903 0.5263393
 0.8 0.00036 4070. 3.271905 0.46089786
 0.8 0.00042 4069. 3.3379242 0.39445168
 0.8 0.0005 4070. 3.406467 0.32633585
 0.8 0.00065 4071. 3.4731581 0.2600714
 0.8 0.00080000004 4072. 3.5405316 0.19312458
 0.8 0.001 4073. 3.603749 0.13033378
 0.8 0.0013 4073. 3.6585357 0.07554698
 0.8 0.0017 4074. 3.71332 0.02118928
 0.8 0.002 4078. 3.7635484 -0.027334403
 0.8 0.0025 4078. 3.8213422 -0.085128166
 0.8 0.003 4077. 3.8845296 -0.14874166
 0.8 0.004 4071. 3.9529123 -0.2196827
 0.8 0.005 4076. 4.029498 -0.2941363
 0.8 0.006 4080. 4.103597 -0.36653155
 0.8 0.0073 4085. 4.1733456 -0.4341522
 0.8 0.0087 4090. 4.2361684 -0.49485004
 0.8 0.01 4108. 4.2956285 -0.54668164
 0.8 0.013 4120. 4.3390408 -0.5850267
 0.8 0.016 4130. 4.36729 -0.6090649
 0.8 0.02 4140. 4.3895144 -0.627088
 0.8 0.023 4180. 4.411774 -0.6326441
 0.8 0.026 4230. 4.419575 -0.61978877
 0.8 0.03 4343. 4.4339647 -0.58838034
 0.8 0.034 4461. 4.451245 -0.5590909
 0.8 0.038 4590. 4.4689193 -0.52724355
 0.8 0.042 4703. 4.486995 -0.50307035
 0.8 0.046 4796. 4.499428 -0.48148605
 0.8 0.05 4863. 4.5144124 -0.4723701
 0.8 0.055 4915. 4.5316024 -0.4710833
 0.8 0.06 4946. 4.5489974 -0.47755575
 0.8 0.066 4965. 4.567557 -0.48945498
 0.8 0.074 4963. 4.5832477 -0.50584537
 0.8 0.08 4960. 4.599231 -0.5228787
 0.8 0.09 4940. 4.6221747 -0.55284196
 0.8 0.1 4899. 4.6569147 -0.60206
 1. 0.00003 4242. 3.0521984 0.8494194
 1. 0.00007 4253. 3.0985816 0.80753505
 1. 0.000100000005 4258. 3.1630828 0.7450748
 1. 0.00020000001 4260. 3.2277322 0.6812413
 1. 0.0003 4259. 3.2915654 0.61700034
 1. 0.00040000002 4256. 3.3571131 0.55022836
 1. 0.0005 4248. 3.4197733 0.48429984
 1. 0.00065 4242. 3.4833164 0.41830128
 1. 0.00080000004 4239. 3.5501409 0.350248
 1. 0.001 4237. 3.6162677 0.2833012
 1. 0.0013 4233. 3.6804442 0.21748394
 1. 0.0017 4238. 3.738611 0.16136801
 1. 0.002 4245. 3.8024755 0.10037054
 1. 0.0025 4259. 3.8632426 0.045322984
 1. 0.003 4271. 3.9169416 -0.003488335
 1. 0.004 4290. 3.9791563 -0.057991948
 1. 0.005 4304. 4.039207 -0.11238269
 1. 0.006 4311. 4.095863 -0.16621564
 1. 0.0072 4320. 4.144395 -0.21112488
 1. 0.0085 4348. 4.1916766 -0.24718358
 1. 0.01 4403. 4.2436957 -0.27736607
 1. 0.0115 4450. 4.2662735 -0.2814983
 1. 0.013 4504. 4.282273 -0.27654433
 1. 0.0148 4589. 4.3058133 -0.26760623
 1. 0.016 4689. 4.3236074 -0.24795155
 1. 0.018 4789. 4.3348875 -0.22257319
 1. 0.02 4882. 4.332813 -0.18708666
 1. 0.021 4996. 4.3297005 -0.14387555
 1. 0.022 5098. 4.3227577 -0.10182351
 1. 0.023 5194. 4.31935 -0.066006824
 1. 0.024 5282. 4.317327 -0.03479831
 1. 0.025 5364. 4.321624 -0.012333734
 1. 0.026 5445. 4.331005 0.00432137
 1. 0.027 5505. 4.337331 0.017033324
 1. 0.028 5554. 4.344453 0.025305841
 1. 0.029 5590. 4.3556767 0.025305841
 1. 0.03 5625. 4.378988 0.0128372125
 1. 0.033 5635. 4.39578 -0.0008694475
 1. 0.036 5630. 4.4097424 -0.016373713
 1. 0.041 5621. 4.412409 -0.021819495
 1. 0.046 5618. 4.4211793 -0.031517047
 1. 0.05 5583. 4.4545264 -0.07572073
 1. 0.053 5565. 4.486705 -0.11350928
 1. 0.055 5545. 4.5218434 -0.15490197
 1.2 0.00003 4374. 3.1876943 0.84633714
 1.2 0.00006 4383. 3.193125 0.8444772
 1.2 0.000100000005 4388. 3.2556794 0.7839036
 1.2 0.00020000001 4390. 3.3193886 0.7209858
 1.2 0.0003 4394. 3.3839452 0.65801144
 1.2 0.00040000002 4394. 3.4497797 0.5921768
 1.2 0.0005 4389. 3.5136395 0.5263393
 1.2 0.00075 4381. 3.577417 0.45939252
 1.2 0.001 4381. 3.6476433 0.3891661
 1.2 0.0013 4382. 3.7191424 0.31806332
 1.2 0.0017 4385. 3.773577 0.26481783
 1.2 0.002 4393. 3.8347354 0.20682588
 1.2 0.0025 4407. 3.8948004 0.15228833
 1.2 0.003 4427. 3.9511507 0.10380372
 1.2 0.0035 4471. 4.0114374 0.06069783
 1.2 0.0042 4510. 4.061917 0.025305841
 1.2 0.005 4560. 4.1081166 -0.0017406651
 1.2 0.0056999996 4607. 4.141918 -0.017728776
 1.2 0.007 4668. 4.1720676 -0.025028003
 1.2 0.0085 4738. 4.18927 -0.016373713
 1.2 0.01 4834. 4.199143 0.008600163
 1.2 0.0105 4943. 4.2011557 0.045322984
 1.2 0.011 5058. 4.19301 0.09342169
 1.2 0.0115 5177. 4.180701 0.14612803
 1.2 0.012 5289. 4.168111 0.19589967
 1.2 0.0125 5407. 4.1593037 0.24303804
 1.2 0.013 5504. 4.152197 0.28103337
 1.2 0.0135 5589. 4.148099 0.31175384
 1.2 0.014 5680. 4.1474657 0.34044412
 1.2 0.0145 5759. 4.152069 0.35983548
 1.2 0.015 5851. 4.1556215 0.38381538
 1.2 0.016 5918. 4.1578155 0.40140054
 1.2 0.017 5993. 4.1728535 0.40823996
 1.2 0.0185 6068. 4.1877255 0.41497332
 1.2 0.02 6125. 4.2039676 0.41497332
 1.2 0.021 6181. 4.2231317 0.4116197
 1.2 0.022 6219. 4.2474585 0.39794
 1.2 0.023 6258. 4.2724433 0.38381538
 1.2 0.025 6271. 4.294376 0.36548796
 1.2 0.028 6263. 4.315223 0.3424227
 1.2 0.03 6241. 4.346182 0.30535138
 1.2 0.032 6220. 4.378506 0.26717174
 1.2 0.034 6200. 4.4225993 0.21748394
 1.2 0.036 6320. 4.4303465 0.24303804
 1.5 0.00003 4509. 3.3180513 0.8656961
 1.5 0.00006 4510. 3.3359435 0.8481891
 1.5 0.00008 4513. 3.3546991 0.83058864
 1.5 0.00017 4521. 3.4249363 0.76342803
 1.5 0.0003 4528. 3.4955704 0.69548166
 1.5 0.0005 4533. 3.5686872 0.6242821
 1.5 0.00077999994 4525. 3.6674566 0.52244425
 1.5 0.001 4523. 3.7282348 0.46089786
 1.5 0.0014 4531. 3.7856624 0.4065402
 1.5 0.0018099999 4555. 3.8415444 0.35983548
 1.5 0.0023 4579. 3.8924456 0.31806332
 1.5 0.00287 4627. 3.9385898 0.29003462
 1.5 0.0034100001 4684. 3.9757361 0.27415785
 1.5 0.0041199997 4757. 4.002601 0.27415785
 1.5 0.00484 4845. 4.018567 0.29003462
 1.5 0.00554 4950. 4.0215645 0.32428244
 1.5 0.0061999997 5066. 4.018731 0.3673559
 1.5 0.00679 5182. 4.0087757 0.4166405
 1.5 0.0073200003 5299. 3.9885309 0.4756712
 1.5 0.00777 5407. 3.9664974 0.53275436
 1.5 0.00816 5511. 3.951423 0.580925
 1.5 0.00883 5700. 3.9348276 0.65609825
 1.5 0.0094099995 5907. 3.925353 0.72754127
 1.5 0.00989 6117. 3.9390633 0.77451694
 1.5 0.0103 6353. 3.9697819 0.8095597
 1.5 0.0106999995 6659. 4.019078 0.8419848
 1.5 0.010899999 6880. 4.048548 0.8692317
 1.5 0.0115 6991. 4.0705223 0.8750613
 1.5 0.012 7100. 4.098558 0.8739016
 1.5 0.0125 7151. 4.127561 0.85733247
 1.5 0.013 7167. 4.142439 0.84633714
 1.5 0.0135 7185. 4.157443 0.83569056
 1.5 0.014 7210. 4.211707 0.7874605
 1.5 0.0145 7200. 4.2548175 0.74193907
 1.5 0.015 7110. 4.274201 0.70070374
 1.5 0.0155 7060. 4.278698 0.68394715
 1.5 0.016 7110. 4.2724743 0.70243055
 1.5 0.017 7190. 4.273356 0.7209858
 1.5 0.018 7260. 4.2723923 0.73878056
 1.5 0.02 7310. 4.2819443 0.74115163
 1.5 0.0205 7410. 4.29542 0.7512791
 2. 0.00007 4697. 3.4954185 0.88422877
 2. 0.000100000005 4703. 3.5132205 0.8686444
 2. 0.00018 4712. 3.5413308 0.84385544
 2. 0.00026 4726. 3.5794356 0.81090426
 2. 0.00035 4736. 3.6101084 0.7839036
 2. 0.00042 4747. 3.6398873 0.75815463
 2. 0.0005 4757. 3.6676984 0.7339993
 2. 0.0007 4774. 3.695245 0.7126497
 2. 0.00088999997 4792. 3.7189505 0.69548166
 2. 0.001 4818. 3.7416873 0.68214506
 2. 0.0011 4847. 3.7612362 0.6730209
 2. 0.0012 4878. 3.7778792 0.667453
 2. 0.0014 4909. 3.7916954 0.664642
 2. 0.0016000001 4947. 3.79856 0.67117286
 2. 0.0018 4991. 3.806597 0.67851835
 2. 0.002 5036. 3.8096266 0.69108146
 2. 0.00225 5080. 3.8057027 0.7101174
 2. 0.0024100002 5124. 3.7968023 0.7339993
 2. 0.0025499999 5170. 3.7843995 0.76192784
 2. 0.0027 5223. 3.768165 0.79588
 2. 0.00283 5275. 3.749385 0.8318698
 2. 0.00298 5322. 3.7333417 0.86332285
 2. 0.00309 5376. 3.7160256 0.8981765
 2. 0.00318 5415. 3.7024796 0.9242793
 2. 0.00336 5508. 3.6790748 0.9772662
 2. 0.00351 5580. 3.6577125 1.0211893
 2. 0.00364 5674. 3.6472247 1.0606978
 2. 0.00376 5765. 3.652777 1.0827854
 2. 0.0038800002 5882. 3.6598754 1.1105897
 2. 0.004 6014. 3.67548 1.133539
 2. 0.00409 6143. 3.696668 1.1492192
 2. 0.00415 6332. 3.7312114 1.1673173
 2. 0.00423 6467. 3.7476559 1.1875207
 2. 0.0043099998 6605. 3.7677364 1.20412
 2. 0.00439 6740. 3.7868965 1.2201082
 2. 0.0044699996 6860. 3.802133 1.2355285
 2. 0.00456 6981. 3.8127632 1.2552725
 2. 0.00465 7181. 3.8360715 1.2810334
 2. 0.00474 7380. 3.8657374 1.298853
 2. 0.0048200004 7585. 3.894124 1.3180634
 2. 0.0049 7834. 3.929843 1.3384565
 2. 0.005 8059. 3.9576542 1.3598355
 2. 0.00507 8299. 3.9918911 1.3765769
 2. 0.00514 8466. 4.012143 1.3909351
 2. 0.00521 8657. 4.042161 1.3996737
 2. 0.00528 8841. 4.070131 1.40824
 2. 0.00534 8909. 4.083441 1.40824
 2. 0.0054 8918. 4.0903144 1.4031205
 2. 0.00544 8936. 4.1007385 1.3961993
 2. 0.00548 8961. 4.1161847 1.3856063
 2. 0.00552 8965. 4.1296544 1.372912
 2. 0.00557 8933. 4.14805 1.3483049
 2. 0.00562 8911. 4.163691 1.3283796
 2. 0.00568 8863. 4.183835 1.298853
 2. 0.00575 8783. 4.195095 1.2718416
 2. 0.00582 8721. 4.2091174 1.2455127
 2. 0.0059 8616. 4.218744 1.2148439
 2. 0.00598 8540. 4.2306757 1.1875207
 2. 0.00606 8498. 4.236446 1.1731863
 2. 0.0061500003 8478. 4.2382216 1.1673173
 2. 0.00633 8425. 4.239309 1.155336
 2. 0.00709 8517. 4.2374206 1.1760913
 2. 0.0071 8631. 4.2576327 1.178977
 2. 0.00715 8750. 4.267273 1.1931247
 2. 0.00725 8800. 4.2688985 1.2013971
 2. 0.0074 8850. 4.273312 1.2068259
 2. 0.0076 8900. 4.275081 1.2148439
 2. 0.008 9100. 4.2904844 1.238046
 2. 0.008529999 9300. 4.3014793 1.2648178
 2.5 0.00001 4840. 3.6266537 0.9020029
 2.5 0.00006 4873. 3.6341257 0.90633506
 2.5 0.00011 4887. 3.638571 0.9068735
 2.5 0.00012 4906. 3.6453118 0.9068735
 2.5 0.00029 4943. 3.65408 0.9111576
 2.5 0.00042 4981. 3.658418 0.92012334
 2.5 0.00052999996 5020. 3.6586027 0.9334873
 2.5 0.00064 5063. 3.6517003 0.9552066
 2.5 0.00075 5114. 3.6406918 0.9836263
 2.5 0.00085 5164. 3.6241868 1.0170333
 2.5 0.00094 5216. 3.6017206 1.0569048
 2.5 0.00101 5287. 3.5715227 1.1105897
 2.5 0.00109 5324. 3.5419388 1.1522883
 2.5 0.00115 5346. 3.5082662 1.1931247
 2.5 0.00121 5387. 3.4867764 1.2278867
 2.5 0.0013 5478. 3.4650097 1.2787536
 2.5 0.00139 5583. 3.4565992 1.3201463
 2.5 0.00146 5690. 3.4594762 1.350248
 2.5 0.00153 5828. 3.4693363 1.382017
 2.5 0.0016000001 5987. 3.4831388 1.4149734
 2.5 0.0016699999 6169. 3.5060894 1.4440448
 2.5 0.00173 6334. 3.5335894 1.462398
 2.5 0.00179 6541. 3.5618932 1.4899585
 2.5 0.00185 6733. 3.5902262 1.5118834
 2.5 0.0019 6935. 3.6207066 1.5327543
 2.5 0.00191 6999. 3.630343 1.5390761
 2.5 0.0019149999 7063. 3.6399248 1.545307
 2.5 0.00192 7127. 3.6494522 1.55145
 2.5 0.0019400001 7191. 3.6601298 1.5563025
 2.5 0.00197 7255. 3.6695318 1.5622928
 2.5 0.002 7319. 3.6788802 1.5682018
 2.5 0.0020299999 7383. 3.6881754 1.5740312
 2.5 0.00205 7447. 3.6985612 1.5786393
 2.5 0.00207 7511. 3.7032344 1.5888317
 2.5 0.0020899998 7576. 3.7170854 1.5899496
 2.5 0.00211 7640. 3.7261524 1.5954963
 2.5 0.0021300002 7704. 3.73408 1.60206
 2.5 0.00215 7768. 3.743057 1.607455
 2.5 0.00217 7832. 3.751982 1.6127839
 2.5 0.00218 7896. 3.7608557 1.6180481
 2.5 0.0021900001 7960. 3.7686453 1.6242821
 2.5 0.0022 8024. 3.777429 1.6294096
 2.5 0.00221 8088. 3.785156 1.6354837
 2.5 0.00223 8152. 3.7938504 1.6404815
 2.5 0.0022349998 8217. 3.8017247 1.6464037
 2.5 0.00224 8281. 3.8093598 1.6522464
 2.5 0.00225 8345. 3.8169692 1.6580114
 2.5 0.00226 8409. 3.8254948 1.6627579
 2.5 0.00227 8473. 3.833038 1.6683859
 2.5 0.00228 8537. 3.8405542 1.673942
 2.5 0.00229 8601. 3.848043 1.6794279
 2.5 0.0023 8665. 3.8564022 1.6839471
 2.5 0.00231 8729. 3.8638241 1.6893089
 2.5 0.0023299998 8793. 3.8720965 1.693727
 2.5 0.00235 8858. 3.8805172 1.6981006
 2.5 0.0023599998 8922. 3.8886933 1.7024306
 2.5 0.0023800002 8986. 3.8976772 1.7058637
 2.5 0.00239 9050. 3.9049063 1.7109631
 2.5 0.0024 9114. 3.9129438 1.7151674
 2.5 0.0024100002 9178. 3.9217658 1.7185017
 2.5 0.00242 9242. 3.9297051 1.722634
 2.5 0.00243 9306. 3.9376001 1.7267272
 2.5 0.00244 9370. 3.9462593 1.7299743
 2.5 0.00245 9434. 3.9540594 1.7339993
 2.5 0.00246 9499. 3.9619992 1.7379873
 2.5 0.00247 9563. 3.9689264 1.7427251
 2.5 0.00248 9627. 3.9766047 1.7466342
 2.5 0.00249 9691. 3.9834702 1.7512791
 2.5 0.00251 9755. 3.9903092 1.7558749
 2.5 0.00253 9819. 3.9963684 1.7611759
 2.5 0.0025499999 9883. 4.0024176 1.7664129
 2.5 0.00257 9947. 4.008456 1.7715875
 2.5 0.00259 10011. 4.014484 1.7767012
 2.5 0.0026099999 10075. 4.0205 1.7817553
 2.5 0.00262 10140. 4.0259666 1.7874604
 2.5 0.00264 10260. 4.040074 1.7937903
 2.5 0.00266 10380. 4.0554137 1.7986506
 2.5 0.0026800002 10450. 4.068473 1.7972676
 2.5 0.0027 10475. 4.076101 1.7937903
 2.5 0.0027100001 10465. 4.0786514 1.7895807
 2.5 0.00273 10450. 4.0847034 1.781037
 2.5 0.00275 10420. 4.101078 1.7596679
 2.5 0.00277 10410. 4.1179266 1.7411516
 2.5 0.00279 10380. 4.1339054 1.7201593
 2.5 0.0028199998 10320. 4.1520286 1.6919651
 2.5 0.00286 10270. 4.16624 1.6693169
 2.5 0.0029000002 10160. 4.181366 1.6354837
 2.5 0.00294 10050. 4.193713 1.6042261
 2.5 0.00298 10010. 4.20218 1.5888317
 2.5 0.00303 9960. 4.2071247 1.5751878
 2.5 0.00308 9836. 4.211546 1.5490032
 2.5 0.00318 9739. 4.2157025 1.5276299
 2.5 0.0033 9743. 4.2151294 1.5289167
 2.5 0.00331 9788. 4.2218513 1.5301998
 2.5 0.00332 9830. 4.225463 1.5340261
 2.5 0.00333 9849. 4.2275496 1.535294
 2.5 0.00335 9899. 4.2338214 1.5378191
 2.5 0.0033699998 9927. 4.2362175 1.5403295
 2.5 0.0034 9958. 4.2378955 1.5440681
 2.5 0.0036 10200. 4.261383 1.5622928
 2.5 0.0038 10550. 4.3002214 1.5820633
 2.5 0.004 10900. 4.336921 1.60206
 3. 0.00001 4996. 3.7224295 0.9405165
 3. 0.000100000005 5056. 3.6858616 0.99782306
 3. 0.00014 5114. 3.650421 1.0530784
 3. 0.00018999999 5175. 3.6035237 1.1205739
 3. 0.00024 5238. 3.5519938 1.1931247
 3. 0.00027000002 5270. 3.488527 1.2671717
 3. 0.0003 5307. 3.4195478 1.3483049
 3. 0.00035 5396. 3.3605814 1.4361626
 3. 0.00041 5565. 3.3278728 1.5224442
 3. 0.00047 5690. 3.3301969 1.5587085
 3. 0.00052 5867. 3.3400607 1.60206
 3. 0.00056 6065. 3.357315 1.6424645
 3. 0.0006 6232. 3.3842084 1.6627579
 3. 0.00064 6443. 3.4110818 1.693727
 3. 0.00068 6706. 3.4395106 1.7347999
 3. 0.00072 6896. 3.4669704 1.7558749
 3. 0.00075999997 7079. 3.4952893 1.7730547
 3. 0.00079 7306. 3.5259075 1.7972676
 3. 0.00083 7568. 3.5570116 1.8273692
 3. 0.00086000003 7803. 3.5862446 1.8512584
 3. 0.0009 7969. 3.6143332 1.8597386
 3. 0.00096 8396. 3.6788197 1.8859264
 3. 0.001 8648. 3.7092457 1.9068735
 3. 0.0010299999 8864. 3.7398973 1.9190781
 3. 0.0010599999 9197. 3.7717035 1.9513376
 3. 0.0011 9467. 3.800178 1.9731278
 3. 0.00113 9741. 3.8316445 1.9912261
 3. 0.00116 10010. 3.8615925 2.0086002
 3. 0.0011900001 10300. 3.8863814 2.0334237
 3. 0.00122 10650. 3.917157 2.0606978
 3. 0.00126 11000. 3.954846 2.0791812
 3. 0.00131 11490. 4.0128264 2.09691
 3. 0.00133 11900. 4.0567007 2.1139433
 3. 0.00135 11950. 4.0673385 2.1105897
 3. 0.00138 11960. 4.0755773 2.1038036
 3. 0.0014099999 11870. 4.094377 2.071882
 3. 0.00144 11735. 4.1251993 2.0211892
 3. 0.00147 11510. 4.150862 1.9618955
 3. 0.00151 11340. 4.1757507 1.9111576
 3. 0.00158 11210. 4.188357 1.8785218
 3. 0.00165 11190. 4.2004538 1.8633229
 3. 0.0016900001 11220. 4.2039165 1.864511
 3. 0.00173 11300. 4.2138925 1.8668778
 3. 0.0017799999 11400. 4.2250867 1.8709888
 3. 0.0018300001 11600. 4.2506485 1.8756399
 3. 0.00188 11800. 4.275171 1.8808136
 3. 0.0019500001 12100. 4.307503 1.8920946
 3.5 0.00001 5144. 3.7392142 1.0413927
 3.5 0.000023 5204. 3.6935422 1.1072099
 3.5 0.000031 5265. 3.630665 1.1903317
 3.5 0.00004 5325. 3.5396516 1.30103
 3.5 0.000050000002 5386. 3.4522285 1.40824
 3.5 0.000057 5447. 3.39859 1.4814426
 3.5 0.000065 5507. 3.3675845 1.5314789
 3.5 0.000074 5568. 3.3464913 1.5717088
 3.5 0.000077 5629. 3.331823 1.6053051
 3.5 0.000084 5689. 3.3023343 1.6532125
 3.5 0.000092 5750. 3.274237 1.6998377
 3.5 0.000096 5811. 3.255214 1.7371926
 3.5 0.000100000005 5871. 3.2505836 1.7596679
 3.5 0.000108 5932. 3.2625391 1.7656685
 3.5 0.000115999996 5993. 3.2620766 1.7839036
 3.5 0.000124 6053. 3.2751174 1.7881684
 3.5 0.000132 6114. 3.2841306 1.7965744
 3.5 0.00014 6175. 3.2958617 1.8020892
 3.5 0.000148 6235. 3.3018355 1.8129133
 3.5 0.00015600001 6296. 3.298515 1.833147
 3.5 0.000164 6357. 3.302075 1.8463371
 3.5 0.000172 6417. 3.305593 1.8591384
 3.5 0.00017900001 6478. 3.310178 1.8709888
 3.5 0.000184 6539. 3.3154936 1.8819549
 3.5 0.00018700001 6599. 3.3217783 1.8915374
 3.5 0.000191 6660. 3.328387 1.900913
 3.5 0.00019499999 6721. 3.336118 1.9090209
 3.5 0.00020000001 6781. 3.3435981 1.91698
 3.5 0.00021 6842. 3.3513393 1.924796
 3.5 0.00022 6903. 3.3595886 1.9319661
 3.5 0.000227 6963. 3.3670695 1.9395193
 3.5 0.00023399999 7024. 3.375289 1.9464523
 3.5 0.00024 7085. 3.3830028 1.9537597
 3.5 0.000245 7145. 3.390466 1.9609462
 3.5 0.00025 7206. 3.3976972 1.968483
 3.5 0.000255 7267. 3.4049327 1.9758911
 3.5 0.00026300002 7327. 3.4114816 1.9836262
 3.5 0.00027000002 7388. 3.4187279 1.9907827
 3.5 0.000275 7449. 3.4255357 1.9982593
 3.5 0.00028 7509. 3.4321222 2.0056095
 3.5 0.000285 7570. 3.4389496 2.0128372
 3.5 0.00029 7631. 3.4461973 2.0195317
 3.5 0.000298 7691. 3.4532099 2.0261245
 3.5 0.000308 7752. 3.4604394 2.0326188
 3.5 0.00031799998 7813. 3.4680543 2.0386202
 3.5 0.00032 7873. 3.4754245 2.0445397
 3.5 0.000325 7934. 3.4833791 2.0499928
 3.5 0.00033 7995. 3.4912987 2.0553784
 3.5 0.000338 8055. 3.4997234 2.059942
 3.5 0.000348 8116. 3.507939 2.0648322
 3.5 0.00036 8177. 3.5168517 2.0689275
 3.5 0.000363 8237. 3.5251276 2.0733516
 3.5 0.000366 8298. 3.5342925 2.0770044
 3.5 0.000369 8358. 3.5428255 2.080987
 3.5 0.000372 8419. 3.551869 2.0845764
 3.5 0.000375 8480. 3.5608504 2.0881362
 3.5 0.000378 8540. 3.5695677 2.091667
 3.5 0.00038100002 8601. 3.5787785 2.0948205
 3.5 0.000384 8662. 3.5875783 2.0982976
 3.5 0.000387 8722. 3.5961204 2.101747
 3.5 0.00038999997 8783. 3.6051462 2.1048284
 3.5 0.000395 8844. 3.6137714 2.1082268
 3.5 0.00040000002 8904. 3.6221452 2.1115985
 3.5 0.000405 8965. 3.6306598 2.1149445
 3.5 0.00041 9026. 3.6387892 2.1185954
 3.5 0.000415 9086. 3.6466782 2.122216
 3.5 0.00042 9147. 3.6547115 2.1258066
 3.5 0.000425 9208. 3.6626968 2.1293676
 3.5 0.00043000001 9268. 3.6704476 2.1328998
 3.5 0.000435 9329. 3.6780229 2.1367207
 3.5 0.00044 9390. 3.6855576 2.140508
 3.5 0.00044499998 9450. 3.6928675 2.1442628
 3.5 0.00045 9511. 3.7003226 2.1479855
 3.5 0.000455 9572. 3.7074316 2.1519823
 3.5 0.00046 9632. 3.7143261 2.155943
 3.5 0.000465 9693. 3.721368 2.1598678
 3.5 0.000472 9754. 3.7283766 2.1637576
 3.5 0.00048 9814. 3.7351747 2.1676128
 3.5 0.00049 9875. 3.741825 2.1717265
 3.5 0.0005 9936. 3.7487378 2.1755118
 3.5 0.000505 9996. 3.7551563 2.1795518
 3.5 0.00051 10057. 3.7617223 2.1835546
 3.5 0.00051499996 10118. 3.7682612 2.1875207
 3.5 0.00052 10178. 3.774602 2.191451
 3.5 0.00052999996 10239. 3.7808104 2.195623
 3.5 0.00054000004 10300. 3.787271 2.199481
 3.5 0.000548 10360. 3.7932653 2.2035768
 3.5 0.00055500004 10421. 3.7994063 2.2076344
 3.5 0.00056 10482. 3.8057923 2.2113876
 3.5 0.000566 10542. 3.811722 2.215373
 3.5 0.00057200005 10603. 3.8177958 2.2193224
 3.5 0.00057800004 10664. 3.8238475 2.2232363
 3.5 0.00058399996 10724. 3.8297153 2.2271152
 3.5 0.00058999995 10785. 3.835724 2.2309597
 3.5 0.000596 10846. 3.8414583 2.2350233
 3.5 0.000602 10906. 3.8472664 2.2387986
 3.5 0.000612 10967. 3.853213 2.2425416
 3.5 0.000625 11028. 3.8591378 2.2462523
 3.5 0.00063 11088. 3.86464 2.250176
 3.5 0.000635 11149. 3.8705244 2.2538223
 3.5 0.00064 11210. 3.876147 2.2576785
 3.5 0.00065 11481. 3.9023209 2.2730012
 3.5 0.00066 11740. 3.9187284 2.2953472
 3.5 0.000672 12090. 3.9491382 2.3159704
 3.5 0.000685 12420. 3.9790473 2.3328424
 3.5 0.00070499995 12700. 4.00544 2.3451777
 3.5 0.00072 12850. 4.0192194 2.3517964
 3.5 0.000735 13000. 4.0355334 2.355643
 3.5 0.00075999997 13060. 4.0524316 2.346744
 3.5 0.00077999994 13080. 4.070407 2.3314273
 3.5 0.00080000004 13050. 4.088215 2.3096302
 3.5 0.00082 13010. 4.104487 2.2880256
 3.5 0.00083 12958. 4.133917 2.2516382
 3.5 0.00084 12780. 4.1520114 2.209515
 3.5 0.00086000003 12630. 4.176664 2.164353
 3.5 0.00087800005 12480. 4.183224 2.1370375
 3.5 0.00094 12300. 4.1881533 2.1068707
 3.5 0.001 12360. 4.1946754 2.1088018
 3.5 0.00113 12430. 4.2026978 2.1105897
 3.5 0.0012 12750. 4.2401724 2.1172712
 3.5 0.0013 13100. 4.280637 2.1238515
 3.5 0.0014 13400. 4.3134885 2.1303337
 4. 0.000003 6921. 3.2606487 2.0934217
 4. 0.000008 7040. 3.2737699 2.109916
 4. 0.000017999999 7160. 3.2852948 2.1277525
 4. 0.000028 7280. 3.297658 2.1442628
 4. 0.000038 7400. 3.3086545 2.1616673
 4. 0.000048 7520. 3.3213074 2.176959
 4. 0.000057 7640. 3.334597 2.1911714
 4. 0.000066 7760. 3.3498092 2.203033
 4. 0.000075 7880. 3.366248 2.213252
 4. 0.000086 8000. 3.383559 2.222196
 4. 0.000101000005 8120. 3.400915 2.2307043
 4. 0.000111 8240. 3.4175541 2.2395496
 4. 0.00012 8360. 3.4330218 2.2491984
 4. 0.00013 8480. 3.4476237 2.2593548
 4. 0.00014 8600. 3.4611762 2.270213
 4. 0.000151 8720. 3.4744277 2.2810333
 4. 0.000161 8840. 3.4880574 2.2911468
 4. 0.000171 8960. 3.5022492 2.300378
 4. 0.000181 9080. 3.5173876 2.308351
 4. 0.000191 9200. 3.532996 2.3155506
 4. 0.000201 9320. 3.5490463 2.3220124
 4. 0.00021099999 9440. 3.5646996 2.3285835
 4. 0.000221 9560. 3.5797687 2.3354578
 4. 0.00023100001 9680. 3.5940793 2.3428173
 4. 0.000241 9800. 3.6076639 2.3506355
 4. 0.000251 9920. 3.6207457 2.358696
 4. 0.000261 10040. 3.6339068 2.366423
 4. 0.000271 10160. 3.6469553 2.3740149
 4. 0.00028 10280. 3.6609752 2.380392
 4. 0.00029 10400. 3.6752079 2.3863206
 4. 0.0003 10520. 3.6899936 2.3914645
 4. 0.00031 10640. 3.704788 2.3963737
 4. 0.00032 10760. 3.718899 2.401745
 4. 0.00033 10880. 3.7321799 2.4077308
 4. 0.00033500002 11000. 3.7441595 2.4148064
 4. 0.00034 11120. 3.7550602 2.422754
 4. 0.000345 11240. 3.7650964 2.4313638
 4. 0.00035 11360. 3.774629 2.4402792
 4. 0.00036 11480. 3.7841473 2.4490154
 4. 0.000365 11600. 3.7939508 2.457276
 4. 0.00037 11720. 3.8041692 2.4649365
 4. 0.000375 11840. 3.8150702 2.4717317
 4. 0.00037999998 11960. 3.826331 2.477989
 4. 0.000385 12080. 3.8377903 2.4838724
 4. 0.00038999997 12200. 3.849157 2.4896772
 4. 0.000398 12320. 3.8604324 2.4954054
 4. 0.000405 12440. 3.8714805 2.5011961
 4. 0.00041 12560. 3.882443 2.5069108
 4. 0.000413 12680. 3.892921 2.5129511
 4. 0.000416 12800. 3.9033265 2.5189085
 4. 0.000419 12920. 3.9134004 2.525045
 4. 0.00042199998 13152. 3.935336 2.5340261
 4. 0.00043000001 13330. 3.9486477 2.544068
 4. 0.000438 13500. 3.9657269 2.5490034
 4. 0.000447 13640. 3.979741 2.5529115
 4. 0.000455 13820. 3.99792 2.5575073
 4. 0.000463 14000. 4.0146637 2.5632436
 4. 0.00046799998 14090. 4.0267463 2.5622928
 4. 0.000474 14130. 4.035255 2.5587087
 4. 0.000479 14170. 4.048646 2.5502284
 4. 0.00048500003 14100. 4.0652266 2.525045
 4. 0.000492 14030. 4.0860815 2.4955444
 4. 0.000508 13970. 4.102889 2.4712918
 4. 0.000518 13910. 4.1192355 2.447468
 4. 0.000529 13840. 4.1346936 2.423246
 4. 0.000544 13770. 4.1511908 2.39794
 4. 0.000558 13680. 4.1611624 2.376577
 4. 0.00057200005 13590. 4.1721644 2.3541083
 4. 0.00058600004 13490. 4.1769834 2.3364596
 4. 0.000606 13390. 4.1803713 2.3201463
 4. 0.00064 13370. 4.18237 2.3155506
 4. 0.00067000004 13380. 4.1809473 2.318272
 4. 0.00069 13410. 4.181098 2.3220124
 4. 0.00072 13450. 4.182974 2.3253105
 4. 0.000746 13610. 4.1868 2.3420277
 4. 0.000847 13730. 4.189969 2.3541083
 4. 0.000885 14100. 4.2173595 2.372912
 4. 0.00091 14400. 4.246634 2.3802114
 4. 0.00095 14790. 4.2841015 2.389166
 5. 0.000001 11220. 3.4577675 2.8325088
 5. 0.000002 11313. 3.4727464 2.8318698
 5. 0.000003 11406. 3.4869688 2.8318698
 5. 0.000004 11499. 3.5010757 2.8318698
 5. 0.000005 11592. 3.5144296 2.8325088
 5. 0.000006 11685. 3.528311 2.8325088
 5. 0.000007 11778. 3.541444 2.833147
 5. 0.000008 11871. 3.555107 2.833147
 5. 0.000008999999 11964. 3.5680263 2.8337843
 5. 0.000011 12057. 3.5802062 2.835056
 5. 0.000014 12150. 3.592286 2.8363242
 5. 0.000017 12243. 3.604268 2.8375885
 5. 0.000021 12336. 3.6161535 2.838849
 5. 0.000025000001 12429. 3.6279438 2.840106
 5. 0.000028 12522. 3.6390152 2.8419847
 5. 0.00003 12615. 3.6506212 2.8432329
 5. 0.000032 12708. 3.661516 2.845098
 5. 0.000033 12801. 3.671708 2.8475726
 5. 0.000035 12894. 3.6818225 2.8500333
 5. 0.000038 12987. 3.691251 2.8530896
 5. 0.000041 13080. 3.7006116 2.8561244
 5. 0.000043 13173. 3.7099054 2.8591383
 5. 0.000045 13266. 3.7185376 2.8627276
 5. 0.000046999998 13359. 3.7277048 2.865696
 5. 0.000049 13452. 3.7373962 2.8680563
 5. 0.000050000002 13545. 3.7464323 2.8709888
 5. 0.000052 13638. 3.756569 2.8727388
 5. 0.000054 13731. 3.766632 2.874482
 5. 0.000056 13824. 3.7766223 2.8762178
 5. 0.000057999998 13917. 3.7865407 2.8779469
 5. 0.00006 14010. 3.7963884 2.8796692
 5. 0.000062 14103. 3.8061664 2.8813846
 5. 0.000065 14196. 3.8158758 2.8830934
 5. 0.000067 14289. 3.8249512 2.8853612
 5. 0.00007 14382. 3.833965 2.8876173
 5. 0.000072999996 14475. 3.8429177 2.8898618
 5. 0.000075 14568. 3.8518102 2.8920946
 5. 0.000077 14661. 3.8600898 2.8948696
 5. 0.000079000005 14754. 3.8683171 2.897627
 5. 0.000081 14847. 3.8764927 2.900367
 5. 0.000083 14940. 3.8846176 2.90309
 5. 0.000085 15033. 3.8926919 2.9057958
 5. 0.000088 15126. 3.901253 2.9079485
 5. 0.00009 15219. 3.909759 2.9100904
 5. 0.000092 15312. 3.9187427 2.9116902
 5. 0.000094999996 15405. 3.927668 2.9132838
 5. 0.000097000004 15498. 3.9370646 2.914343
 5. 0.000099 15591. 3.9464011 2.9153998
 5. 0.000100000005 15684. 3.9556785 2.9164538
 5. 0.000102 15777. 3.9648972 2.9175055
 5. 0.000105 15870. 3.9740582 2.9185545
 5. 0.000108 15970. 3.9823587 2.921166
 5. 0.00011 16070. 3.9906065 2.9237618
 5. 0.000115 16250. 4.0078907 2.9258275
 5. 0.00012 16310. 4.0168767 2.923244
 5. 0.000123 16360. 4.025315 2.9201233
 5. 0.000127 16380. 4.039076 2.908485
 5. 0.000132 16400. 4.064319 2.8853612
 5. 0.000139 16390. 4.0805645 2.8680563
 5. 0.00014599999 16310. 4.098136 2.8419847
 5. 0.000151 16240. 4.1124477 2.8202014
 5. 0.00015800001 16110. 4.127699 2.7909884
 5. 0.000175 15990. 4.1513505 2.7543483
 5. 0.00019400001 15930. 4.1691937 2.7299743
 5. 0.000199 16010. 4.1762815 2.7315888
 5. 0.000204 16190. 4.1845675 2.7427251
 5. 0.000213 16360. 4.1918554 2.753583
 5. 0.00023199999 16560. 4.197169 2.7693772
 5. 0.00025 16900. 4.2087603 2.7930915
 6. 0.000001 18800. 4.0235763 3.2425413
 6. 0.0000015 18790. 4.0347447 3.230449
 6. 0.000002 18780. 4.046785 3.217484
 6. 0.0000023 18775. 4.0556335 3.2081726
 6. 0.0000027 18730. 4.0615306 3.198107
 6. 0.000003 18650. 4.0672264 3.1849751
 6. 0.0000038 18588. 4.0700364 3.1763806
 6. 0.0000044999997 18565. 4.0754743 3.168792
 6. 0.0000053 18528. 4.088818 3.1519823
 6. 0.0000072 18490. 4.10242 3.1348143
 6. 0.000008999999 18430. 4.1136537 3.1179338
 6. 0.0000011 18390. 4.124694 3.1031191
 6. 0.0000014 18320. 4.1348286 3.0863597
 6. 0.0000015999999 18310. 4.144328 3.0759118
 6. 0.0000019 18310. 4.1527967 3.067443
 6. 0.0000022 18320. 4.160868 3.0603201
 6. 0.0000024 18440. 4.1643443 3.0681858
 6. 0.0000026 18580. 4.168301 3.077368
 6. 0.0000028 18800. 4.179758 3.0863597
 6. 0.0000029 19350. 4.209 3.10721
