
UBV CCD observations


  No    Ref    V       B-V     U-B

 0001   562  11.608   0.408  -0.477
 0002   562  12.241   0.637  -0.269
 0003   562  12.247   1.392   0.920
 0004   562  12.542   0.465  -0.389
 0005   562  12.641   0.617   0.310
 0006   562  12.671   0.507  -0.186
 0007   562  12.717   0.611  -0.223
 0008   562  12.784   0.600  -0.297
 0009   562  12.881   0.580  -0.205
 0010   562  12.918   0.677   0.162
 0011   562  13.181   0.684   0.576
 0012   562  13.230   0.635   0.344
 0014   562  13.292   1.987   2.256
 0015   562  13.339   1.464   0.884
 0016   562  13.467   0.831   0.646
 0017   562  13.640   1.435   0.432
 0018   562  13.798   0.855   0.301
 0019   562  13.840   0.601  -0.115
 0020   562  13.848   1.488   0.807
 0021   562  13.897   1.451   0.636
 0022   562  13.910   0.920   0.173
 0023   562  13.917   1.504   0.915
 0024   562  13.943   0.567   0.565
 0025   562  13.995   0.835   0.125
 0027   562  14.024   0.594  -0.094
 0028   562  14.160   0.895   0.406
 0029   562  14.192   0.864   0.557
 0030   562  14.216   0.558  -0.106
 0031   562  14.258   0.801   0.291
 0032   562  14.259   0.935   0.541
 0033   562  14.288   1.118   0.659
 0034   562  14.298   0.680   0.435
 0035   562  14.307   0.605  -0.094
 0036   562  14.309   0.922   0.444
 0037   562  14.337   1.214   0.514
 0038   562  14.366   1.580   1.124
 0039   562  14.386   0.696   0.180
 0040   562  14.398   0.973   0.382
 0041   562  14.432   1.537   1.006
 0042   562  14.489   1.597   1.360
 0043   562  14.523   1.579   1.160
 0044   562  14.529   1.188   0.512
 0045   562  14.537   0.963   0.343
 0046   562  14.674   1.483   0.997
 0047   562  14.680   0.925   0.213
 0048   562  14.682   0.618  -0.023
 0049   562  14.691   0.886   0.292
 0050   562  14.712   0.794   0.146
 0051   562  14.720   2.010   2.024
 0052   562  14.721   1.029   0.700
 0053   562  14.738   0.933   0.460
 0054   562  14.764   0.670   0.381
 0055   562  14.785   1.303   1.077
 0056   562  14.786   1.332   0.799
 0057   562  14.794   0.927   0.224
 0058   562  14.868   1.101   0.389
 0059   562  14.872   0.812   0.420
 0060   562  14.893   0.920   0.583
 0061   562  14.895   2.330         
 0062   562  14.910   1.750   1.501
 0063   562  14.999   1.073   0.389
 0064   562  15.014   0.707   0.528
 0065   562  15.033   0.956   0.437
 0066   562  15.038   1.060   0.290
 0067   562  15.039   1.099   0.675
 0068   562  15.082   0.888   0.499
 0069   562  15.095   1.021   0.310
 0070   562  15.104   0.709   0.488
 0071   562  15.128   0.593   0.276
 0072   562  15.153   2.272   2.528
 0073   562  15.158   1.029   0.341
 0074   562  15.160   2.582         
 0075   562  15.168   1.885   1.796
 0076   562  15.170   2.423         
 0077   562  15.197   0.835   0.467
 0078   562  15.262   0.607         
 0080   562  15.309   0.995   0.286
 0081   562  15.354   0.825   0.507
 0082   562  15.361   1.048   0.279
 0083   562  15.380   0.988   0.257
 0084   562  15.384   0.766   0.664
 0085   562  15.424   1.067   0.374
 0086   562  15.428   0.723   0.394
 0087   562  15.499   1.041   0.319
 0088   562  15.519   0.928   0.689
 0089   562  15.547   1.677   1.757
 0090   562  15.548   0.570   0.168
 0091   562  15.571   0.944   0.439
 0093   562  15.601   1.043   0.269
 0094   562  15.607   0.793   0.339
 0095   562  15.611   1.273   0.692
 0096   562  15.612   1.279   0.879
 0097   562  15.613   0.837   0.466
 0099   562  15.631   1.080   0.477
 0100   562  15.647   1.247   0.781
 0101   562  15.650   0.989   0.289
 0102   562  15.657   1.036   0.324
 0103   562  15.674   1.716   1.509
 0104   562  15.691   0.977   0.090
 0105   562  15.696   1.216   0.485
 0107   562  15.716   0.802   0.317
 0108   562  15.727   2.607         
 0109   562  15.727   1.647   1.044
 0110   562  15.755   1.102   0.372
 0111   562  15.771   2.283         
 0112   562  15.787   1.069   0.600
 0113   562  15.801   0.739   0.359
 0114   562  15.814   0.909   0.400
 0115   562  15.820   1.270   0.787
 0116   562  15.828   2.116         
 0117   562  15.830   1.153   0.568
 0118   562  15.858   1.067   0.276
 0119   562  15.859   0.807   0.660
 0120   562  15.871   0.680   0.437
 0121   562  15.873   1.112   0.403
 0122   562  15.883   1.417   0.822
 0123   562  15.893   0.616   0.374
 0124   562  15.901   1.123   0.387
 0125   562  15.906   2.370         
 0126   562  15.915   0.968   0.657
 0127   562  15.955   1.218   0.920
 0128   562  15.966   1.002   0.723
 0129   562  15.976   1.100   0.342
 0130   562  16.025   1.080   0.349
 0131   562  16.028   1.399   1.230
 0132   562  16.046   1.240   0.545
 0133   562  16.049   1.436   1.002
 0134   562  16.070   1.216   0.524
 0135   562  16.079   1.559   1.120
 0136   562  16.082   1.666   1.765
 0137   562  16.110   1.126   0.381
 0138   562  16.131   2.297         
 0139   562  16.140   1.453   0.904
 0140   562  16.168   1.177   0.418
 0141   562  16.174   1.022   0.431
 0142   562  16.189   1.755   1.293
 0143   562  16.191   1.432         
 0144   562  16.196   1.188   0.351
 0145   562  16.197   1.628   1.224
 0146   562  16.201   1.078   0.319
 0147   562  16.214   1.752   1.140
 0148   562  16.218   0.995   0.324
 0149   562  16.224   1.133   0.381
 0150   562  16.229   1.492   1.342
 0151   562  16.265   0.827   0.418
 0153   562  16.270   1.079   0.371
 0154   562  16.280   0.856   0.695
 0155   562  16.281   0.913   0.513
 0156   562  16.299   0.960   0.238
 0157   562  16.305   0.798   0.347
 0158   562  16.306   1.109   0.342
 0159   562  16.307   0.885   0.334
 0160   562  16.312   1.434   0.897
 0161   562  16.313   1.217   0.693
 0162   562  16.317   0.854   0.361
 0163   562  16.322   0.796   0.393
 0164   562  16.322   1.813   1.327
 0165   562  16.329   1.198   0.570
 0166   562  16.330   1.034   0.483
 0167   562  16.347   1.046   0.640
 0168   562  16.353   1.261   0.574
 0169   562  16.363   1.102   0.673
 0170   562  16.378   1.079   0.378
 0171   562  16.379   0.990   0.325
 0172   562  16.388   1.120   0.497
 0173   562  16.394   0.804   0.403
 0174   562  16.398   1.074   0.393
 0175   562  16.415   1.235   0.920
 0176   562  16.417   0.958   0.479
 0177   562  16.426   1.618   1.038
 0178   562  16.431   0.983   0.387
 0179   562  16.434   1.100   0.455
 0180   562  16.442   1.128   0.357
 0181   562  16.452   1.504   1.040
 0183   562  16.474   1.246   0.419
 0184   562  16.482   0.859   0.539
 0185   562  16.503   1.205   0.592
 0186   562  16.504   0.988   0.233
 0187   562  16.506   1.146   0.719
 0188   562  16.514   1.029   0.395
 0189   562  16.516   1.215   0.421
 0190   562  16.518   1.155   0.446
 0191   562  16.529   1.122   0.337
 0192   562  16.545   1.295   0.558
 0193   562  16.553   2.654         
 0194   562  16.558   1.030   0.293
 0195   562  16.573   1.178   0.425
 0196   562  16.586   1.060   0.400
 0197   562  16.592   1.215   0.655
 0198   562  16.593   1.095   0.794
 0199   562  16.594   1.315   1.438
 0200   562  16.597   1.313   0.851
 0201   562  16.604   1.404   1.263
 0202   562  16.616   0.985   0.361
 0203   562  16.629   1.352   0.605
 0204   562  16.637   0.995   0.316
 0205   562  16.639   1.122   0.460
 0206   562  16.659   0.812   0.577
 0207   562  16.660   1.292   0.770
 0208   562  16.663   1.250   0.954
 0209   562  16.668   0.959   0.243
 0210   562  16.668   0.996   0.544
 0212   562  16.671   1.054   0.445
 0213   562  16.672   1.130   0.359
 0214   562  16.676   1.073   0.467
 0215   562  16.700   0.948   0.298
 0216   562  16.709   0.941   0.361
 0217   562  16.712   1.946         
 0218   562  16.727   1.045   0.624
 0219   562  16.738   0.966   0.497
 0220   562  16.750   1.249   0.717
 0221   562  16.751   0.792   0.492
 0222   562  16.754   1.395   0.698
 0223   562  16.758   1.165         
 0224   562  16.759   1.119   0.371
 0225   562  16.762   0.850   0.510
 0226   562  16.769   0.877   0.355
 0228   562  16.791   0.700         
 0229   562  16.792   1.329   0.651
 0230   562  16.795   1.156   0.400
 0231   562  16.799   1.364   1.872
 0232   562  16.799   1.064   0.296
 0233   562  16.803   1.100   0.356
 0234   562  16.815   1.184   0.570
 0235   562  16.823   0.890   0.397
 0236   562  16.831   1.123   0.445
 0237   562  16.831   1.271   1.338
 0239   562  16.840   1.964         
 0241   562  16.852   1.169   0.560
 0242   562  16.859   1.019   0.376
 0243   562  16.861   1.253   0.488
 0244   562  16.866   1.810         
 0245   562  16.873   1.158   0.733
 0246   562  16.877   1.074   0.404
 0247   562  16.877   1.513   1.336
 0248   562  16.881   0.948   0.519
 0249   562  16.900   2.033         
 0250   562  16.900   1.374   0.595
 0252   562  16.908   1.043   0.229
 0253   562  16.909   1.313   1.063
 0254   562  16.916   0.992   0.348
 0255   562  16.923   1.211   0.409
 0256   562  16.938   1.067   0.575
 0257   562  16.940   1.112   0.397
 0258   562  16.946   1.554   0.954
 0259   562  16.956   1.132   0.652
 0260   562  16.963   1.053   0.361
 0261   562  16.972   1.098   0.396
 0262   562  16.980   1.059   0.566
 0263   562  16.999   1.069   0.376
 0264   562  17.004   1.212   0.482
 0265   562  17.007   1.280   0.765
 0266   562  17.007   1.120   0.586
 0267   562  17.019   1.294   0.704
 0268   562  17.037   1.052   0.395
 0269   562  17.040   1.168   0.551
 0270   562  17.048   1.175   0.450
 0271   562  17.059   1.450         
 0272   562  17.068   0.814   0.766
 0274   562  17.074   1.056   0.404
 0275   562  17.075   1.571   1.034
 0276   562  17.096   1.287   0.636
 0277   562  17.097   1.820         
 0278   562  17.103   1.316   0.616
 0279   562  17.110   1.044   0.632
 0280   562  17.111   1.102   0.259
 0281   562  17.115   1.270   0.479
 0282   562  17.118   0.767   0.586
 0283   562  17.124   1.333   0.626
 0284   562  17.129   1.355   0.559
 0285   562  17.132   1.036   0.560
 0286   562  17.138   1.269   0.622
 0287   562  17.139   1.146  -0.234
 0288   562  17.146   1.158   0.332
 0289   562  17.147   1.419   0.745
 0290   562  17.152   0.983   0.367
 0291   562  17.162   1.308   0.514
 0293   562  17.168   1.624         
 0294   562  17.171   1.254   0.715
 0295   562  17.172   0.950   0.307
 0296   562  17.174   1.063   0.309
 0297   562  17.197   1.202   0.345
 0298   562  17.203   1.110   0.500
 0300   562  17.213   1.086   0.545
 0301   562  17.220   1.136   0.386
 0302   562  17.221   0.915   0.401
 0303   562  17.221   1.339   0.711
 0304   562  17.224   1.348   0.870
 0305   562  17.226   1.383   0.803
 0306   562  17.244   1.142   0.284
 0307   562  17.252   1.297   0.629
 0308   562  17.254   0.946   0.437
 0309   562  17.256   1.533   0.803
 0310   562  17.259   1.059   0.458
 0311   562  17.275   1.170   0.479
 0312   562  17.301   1.527   0.870
 0313   562  17.304   1.050   0.579
 0314   562  17.317   1.193   0.486
 0316   562  17.325   1.158   0.514
 0317   562  17.326   1.218   0.606
 0318   562  17.335   1.099   0.351
 0320   562  17.341   2.046         
 0322   562  17.351   1.256   0.629
 0323   562  17.356   1.082   0.413
 0324   562  17.356   1.348   0.852
 0325   562  17.363   1.075   0.473
 0326   562  17.379   1.167   0.382
 0327   562  17.390   1.236   0.605
 0328   562  17.395   1.102   0.325
 0329   562  17.395   1.078   0.669
 0330   562  17.400   1.420         
 0331   562  17.411   1.059   0.506
 0332   562  17.418   2.109         
 0333   562  17.420   1.281   0.712
 0334   562  17.425   1.132   0.345
 0335   562  17.430   1.209   0.813
 0336   562  17.437   1.020   0.257
 0337   562  17.439   1.378   1.171
 0338   562  17.444   2.480         
 0339   562  17.444   1.241   0.747
 0340   562  17.450   1.291   0.499
 0341   562  17.451   0.994   1.159
 0342   562  17.455   1.136   0.394
 0343   562  17.455   1.084   0.584
 0344   562  17.460   1.410   0.717
 0345   562  17.467   1.234   0.514
 0346   562  17.475   1.550   1.045
 0347   562  17.483   1.029   0.279
 0348   562  17.500   1.281         
 0349   562  17.513   1.167   0.839
 0350   562  17.515   1.189   0.645
 0351   562  17.527   1.069   0.306
 0352   562  17.529   1.110   0.327
 0353   562  17.538   1.040   0.260
 0354   562  17.551   1.192   0.352
 0355   562  17.552   1.370   0.717
 0356   562  17.552   1.083   0.386
 0357   562  17.553   0.952   0.801
 0359   562  17.566   1.874         
 0360   562  17.576   1.223   0.429
 0361   562  17.578   1.044   0.761
 0362   562  17.580   1.950         
 0363   562  17.581   1.133   0.410
 0364   562  17.584   1.551         
 0365   562  17.591   1.165   0.390
 0366   562  17.595   1.303         
 0367   562  17.604   1.109   0.379
 0368   562  17.611   1.030   0.355
 0369   562  17.613   1.194   0.690
 0370   562  17.617   1.150   0.410
 0371   562  17.623   1.566         
 0372   562  17.624   1.216   0.508
 0373   562  17.626   1.217   0.383
 0374   562  17.632   0.909   0.743
 0375   562  17.636   1.246   0.549
 0378   562  17.651   1.314   0.609
 0379   562  17.653   1.521         
 0380   562  17.653   1.331   0.697
 0381   562  17.659   1.264   0.739
 0382   562  17.666   1.024   0.585
 0383   562  17.671   1.401   0.478
 0384   562  17.672   1.014   0.503
 0385   562  17.675   1.346         
 0386   562  17.678   1.417         
 0387   562  17.681   1.143   0.580
 0388   562  17.688   1.191   0.402
 0390   562  17.719   1.083   0.255
 0391   562  17.720   2.103         
 0392   562  17.731   1.258   0.760
 0393   562  17.739   1.090   0.314
 0394   562  17.740   1.167   0.292
 0395   562  17.747   1.253   0.437
 0396   562  17.748   1.039   0.242
 0397   562  17.753   1.000   0.428
 0398   562  17.756   1.291   0.852
 0399   562  17.759   1.410         
 0400   562  17.761   1.049   0.380
 0401   562  17.762   1.546         
 0402   562  17.765   1.844         
 0403   562  17.766   0.943   0.648
 0404   562  17.767   1.111   0.205
 0405   562  17.769   1.031         
 0406   562  17.771   1.237   0.448
 0407   562  17.771   1.553         
 0408   562  17.781   1.356         
 0409   562  17.786   1.203   0.762
 0410   562  17.793   1.033   0.459
 0412   562  17.802   1.285         
 0413   562  17.802   1.262   0.627
 0414   562  17.804   1.030   0.441
 0415   562  17.807   1.180   0.478
 0416   562  17.809   1.090   0.488
 0418   562  17.818   1.467         
 0419   562  17.818   1.085   0.316
 0420   562  17.820   1.342   0.977
 0421   562  17.830   1.144   0.347
 0422   562  17.834   1.048   0.616
 0423   562  17.838   1.071   0.322
 0425   562  17.859   1.243   0.531
 0426   562  17.869   1.025   0.193
 0427   562  17.869   1.218   0.463
 0428   562  17.872   1.110   0.595
 0429   562  17.883   0.950   0.627
 0430   562  17.888   1.279   0.520
 0431   562  17.892   1.102   0.391
 0432   562  17.892   1.150   0.471
 0434   562  17.895   1.742         
 0435   562  17.898   1.396         
 0436   562  17.898   1.021   0.800
 0437   562  17.900   1.548   1.272
 0438   562  17.900   1.142   0.421
 0439   562  17.901   1.232   0.410
 0440   562  17.902   1.165   0.477
 0441   562  17.904   2.059         
 0442   562  17.906   1.345   0.587
 0443   562  17.910   1.263   0.838
 0444   562  17.912   1.321   0.191
 0445   562  17.912   1.178   0.198
 0446   562  17.914   1.400   0.507
 0447   562  17.920   1.211         
 0448   562  17.925   2.280         
 0449   562  17.925   1.235         
 0450   562  17.926   2.011         
 0451   562  17.931   1.146   0.282
 0452   562  17.937   1.472         
 0454   562  17.942   1.587         
 0455   562  17.957   1.720         
 0456   562  17.959   1.062   0.871
 0457   562  17.959   1.061   0.581
 0458   562  17.960   1.153   0.495
 0459   562  17.965   0.997         
 0460   562  17.967   1.370         
 0461   562  17.967   1.411   0.747
 0462   562  17.972   1.955         
 0463   562  17.976   1.183   0.632
 0464   562  17.977   1.863         
 0465   562  17.992   1.327         
 0466   562  17.993   1.439         
 0467   562  17.994   1.377         
 0468   562  17.994   1.150   0.362
 0469   562  17.996   1.084         
 0470   562  18.001   1.095   0.420
 0471   562  18.003   1.055   1.261
 0474   562  18.012   1.218   0.251
 0475   562  18.012   1.188   0.261
 0476   562  18.016   1.133   0.601
 0477   562  18.027   1.316         
 0478   562  18.035   1.248   0.691
 0480   562  18.049   1.103   0.272
 0481   562  18.061   1.470         
 0482   562  18.064   2.096         
 0483   562  18.073   1.882         
 0484   562  18.074   1.523         
 0485   562  18.079   1.160   0.337
 0486   562  18.080   1.119   0.437
 0487   562  18.086   1.152   0.331
 0488   562  18.086   1.395         
 0489   562  18.090   0.996   0.436
 0490   562  18.096   1.269         
 0491   562  18.096   1.197   0.472
 0492   562  18.097   1.224         
 0493   562  18.100   1.090         
 0494   562  18.101   1.531         
 0495   562  18.104   1.343         
 0496   562  18.104   1.982         
 0497   562  18.106   1.306         
 0498   562  18.111   1.294         
 0499   562  18.120   1.233         
 0500   562  18.125   1.018   0.287
 0501   562  18.135   2.219         
 0502   562  18.135   1.043   0.354
 0503   562  18.135   1.186   0.362
 0504   562  18.138   1.063   0.286
 0505   562  18.141   1.042         
 0507   562  18.145   1.090   0.335
 0509   562  18.150   1.398         
 0510   562  18.152   1.136   0.345
 0511   562  18.160   1.029   0.421
 0512   562  18.163   1.951         
 0513   562  18.164   1.158   0.376
 0514   562  18.167   1.499         
 0515   562  18.167   1.278         
 0516   562  18.169   1.313         
 0517   562  18.172   1.788         
 0518   562  18.177   1.103   0.729
 0519   562  18.178   1.130   0.194
 0520   562  18.182   1.221   0.673
 0521   562  18.186   1.285   0.095
 0523   562  18.192   1.575         
 0524   562  18.200   1.143   0.473
 0525   562  18.200   1.287         
 0526   562  18.208   1.481         
 0527   562  18.214   1.233         
 0528   562  18.217   1.100   0.294
 0529   562  18.220   1.629         
 0530   562  18.222   1.510         
 0531   562  18.224   1.103   0.403
 0532   562  18.229   1.762         
 0533   562  18.230   1.084   0.442
 0534   562  18.232   2.306         
 0535   562  18.234   1.384         
 0536   562  18.234   1.499         
 0537   562  18.243   1.232         
 0538   562  18.243   1.124         
 0540   562  18.250   1.300         
 0541   562  18.256   1.207   0.461
 0542   562  18.258   1.174   0.271
 0543   562  18.260   1.988         
 0544   562  18.260   1.374         
 0545   562  18.262   1.917         
 0546   562  18.264   1.270   0.538
 0547   562  18.266   1.415         
 0548   562  18.271   1.297         
 0549   562  18.276   1.319         
 0550   562  18.285   1.224         
 0551   562  18.289   1.077         
 0552   562  18.290   1.967         
 0553   562  18.291   1.182   0.728
 0554   562  18.294   1.138         
 0555   562  18.296   1.614         
 0556   562  18.298   1.571         
 0557   562  18.303   1.116   0.306
 0558   562  18.305   1.150         
 0560   562  18.311   1.351         
 0561   562  18.313   2.421         
 0563   562  18.319   0.964         
 0564   562  18.322   1.150   0.347
 0565   562  18.322   1.316         
 0566   562  18.323   1.145   0.287
 0567   562  18.328   1.060   0.480
 0568   562  18.330   2.054         
 0569   562  18.331   1.245         
 0570   562  18.337   1.542         
 0571   562  18.337   1.260         
 0572   562  18.341   1.271         
 0573   562  18.342   1.194         
 0574   562  18.350   0.938         
 0575   562  18.353   1.130         
 0576   562  18.355   1.096         
 0577   562  18.357   1.536         
 0579   562  18.368   1.807         
 0581   562  18.369   1.259   0.773
 0583   562  18.383   1.253         
 0584   562  18.391   1.139         
 0585   562  18.394   1.438         
 0586   562  18.397   1.640         
 0587   562  18.401   1.716         
 0588   562  18.404   1.513         
 0589   562  18.409   1.512         
 0590   562  18.410   1.187   0.313
 0591   562  18.419   1.230   0.830
 0593   562  18.426   1.118   0.760
 0594   562  18.430   1.253         
 0595   562  18.434   1.073   0.170
 0597   562  18.435   1.106   0.506
 0598   562  18.439   1.404         
 0600   562  18.445   1.662         
 0601   562  18.445   1.159         
 0602   562  18.445   1.544         
 0603   562  18.445   1.097         
 0605   562  18.451   2.472         
 0606   562  18.456   1.418         
 0607   562  18.456   2.419         
 0609   562  18.464   1.128   0.338
 0610   562  18.467   1.979         
 0612   562  18.475   1.224         
 0613   562  18.476   1.358         
 0614   562  18.480   1.356         
 0616   562  18.492   1.100   0.531
 0617   562  18.494   1.466         
 0618   562  18.496   1.292         
 0619   562  18.496   1.105   0.208
 0620   562  18.499   1.253         
 0621   562  18.501   1.362         
 0622   562  18.502   1.167         
 0623   562  18.504   2.226         
 0624   562  18.505   1.283   0.460
 0625   562  18.508   2.371         
 0626   562  18.522   2.163         
 0627   562  18.524   1.720         
 0628   562  18.525   1.201         
 0629   562  18.528   1.548         
 0630   562  18.528   1.155   0.325
 0631   562  18.532   1.306         
 0632   562  18.534   1.432         
 0633   562  18.535   1.385         
 0634   562  18.535   1.244         
 0635   562  18.538   1.213         
 0636   562  18.543   1.149   0.428
 0637   562  18.547   1.316         
 0638   562  18.548   1.660         
 0639   562  18.548   1.338         
 0640   562  18.550   0.821         
 0641   562  18.551   1.394         
 0642   562  18.551   1.289         
 0643   562  18.556   1.101         
 0644   562  18.560   1.135         
 0645   562  18.562   1.133         
 0646   562  18.565   1.015   0.368
 0647   562  18.565   1.168         
 0650   562  18.569   1.540         
 0651   562  18.569   1.551         
 0652   562  18.573   1.285         
 0653   562  18.574   1.989         
 0654   562  18.583   1.285         
 0655   562  18.583   1.213         
 0656   562  18.585   1.257         
 0658   562  18.587   1.534         
 0659   562  18.588   1.831         
 0660   562  18.590   1.436         
 0661   562  18.590   0.842   0.592
 0662   562  18.594   1.280         
 0663   562  18.604   1.356         
 0664   562  18.605   1.101         
 0665   562  18.607   1.317         
 0666   562  18.609   1.310         
 0667   562  18.613   2.313         
 0668   562  18.616   1.968         
 0669   562  18.616   1.873         
 0670   562  18.622   1.169         
 0671   562  18.623   1.661         
 0672   562  18.627   2.250         
 0673   562  18.630   1.247         
 0674   562  18.630   1.375         
 0675   562  18.631   1.258         
 0676   562  18.631   1.310         
 0677   562  18.637   1.681         
 0678   562  18.638   1.630         
 0679   562  18.638   1.253         
 0680   562  18.639   1.302   0.272
 0681   562  18.643   1.390         
 0682   562  18.646   1.612         
 0683   562  18.652   1.205         
 0684   562  18.653   1.168         
 0685   562  18.657   1.185         
 0686   562  18.661   1.552         
 0687   562  18.662   1.410         
 0688   562  18.662   1.042         
 0689   562  18.662   1.307         
 0690   562  18.664   1.031         
 0691   562  18.666   1.283   0.314
 0692   562  18.668   1.459         
 0693   562  18.679   1.157         
 0694   562  18.687   1.182         
 0695   562  18.688   1.450         
 0696   562  18.690   1.314         
 0697   562  18.690   1.298         
 0698   562  18.693   1.256         
 0699   562  18.693   1.272         
 0700   562  18.699   1.183         
 0701   562  18.701   1.348         
 0702   562  18.703   1.336         
 0703   562  18.704   1.643         
 0704   562  18.711   1.482         
 0705   562  18.715   1.554         
 0706   562  18.717   1.074         
 0707   562  18.718   1.259         
 0708   562  18.718   1.376         
 0709   562  18.721   1.412         
 0710   562  18.721   1.224         
 0711   562  18.723   1.383         
 0712   562  18.725   1.238         
 0713   562  18.725   1.167         
 0714   562  18.725   1.305         
 0715   562  18.729   1.226         
 0716   562  18.731   1.170         
 0717   562  18.743   1.323         
 0718   562  18.745   1.429         
 0719   562  18.745   1.799         
 0720   562  18.746   1.332         
 0721   562  18.750   1.089         
 0722   562  18.750   1.441         
 0723   562  18.752   1.117         
 0724   562  18.757   1.797         
 0725   562  18.758   1.223         
 0726   562  18.759   1.472         
 0727   562  18.760   1.159         
 0728   562  18.772   1.541         
 0729   562  18.775   1.579         
 0730   562  18.776   1.270         
 0731   562  18.776   1.346         
 0732   562  18.778   1.292         
 0733   562  18.779   1.099         
 0734   562  18.780   1.241         
 0735   562  18.781   1.288         
 0736   562  18.785   1.260         
 0737   562  18.785   1.291         
 0738   562  18.786   1.152         
 0739   562  18.789   1.915         
 0741   562  18.793   1.593         
 0742   562  18.795   1.701         
 0743   562  18.795   1.164         
 0745   562  18.804   1.269         
 0746   562  18.806   1.456         
 0747   562  18.806   1.285         
 0748   562  18.811   1.598         
 0749   562  18.812   1.307         
 0750   562  18.814   1.513         
 0751   562  18.815   1.167         
 0752   562  18.815   1.194         
 0753   562  18.817   1.506         
 0754   562  18.825   1.123         
 0755   562  18.827   1.319         
 0756   562  18.830   1.313         
 0757   562  18.840   1.481         
 0758   562  18.841   1.050         
 0760   562  18.846   1.520         
 0761   562  18.847   1.404         
 0762   562  18.851   2.158         
 0763   562  18.851   1.223         
 0764   562  18.851   1.195         
 0765   562  18.855   1.820         
 0766   562  18.856   1.535         
 0767   562  18.858   1.270         
 0768   562  18.862   1.082         
 0769   562  18.867   2.632         
 0770   562  18.871   1.141         
 0772   562  18.876   1.468         
 0773   562  18.877   2.105         
 0775   562  18.879   2.001         
 0776   562  18.893   1.249         
 0777   562  18.894   2.170         
 0778   562  18.894   1.351         
 0779   562  18.897   1.375   0.561
 0780   562  18.900   1.075         
 0781   562  18.902   1.452         
 0782   562  18.902   1.204         
 0783   562  18.904   1.328         
 0784   562  18.904   1.198         
 0785   562  18.905   1.346         
 0787   562  18.911   1.214         
 0788   562  18.916   1.919         
 0789   562  18.917   0.948         
 0790   562  18.919   1.208         
 0791   562  18.923   1.335         
 0792   562  18.924   2.248         
 0793   562  18.931   2.055         
 0794   562  18.931   1.298         
 0795   562  18.932   0.997         
 0796   562  18.934   1.318         
 0798   562  18.937   1.210         
 0799   562  18.938   1.358         
 0800   562  18.941   1.567         
 0801   562  18.941   1.449         
 0802   562  18.941   1.295         
 0803   562  18.946   2.702         
 0804   562  18.954   1.090         
 0806   562  18.956   1.183         
 0807   562  18.956   1.633         
 0808   562  18.957   1.191         
 0809   562  18.957   2.053         
 0810   562  18.959   1.246         
 0812   562  18.961   1.220         
 0813   562  18.962   1.945         
 0815   562  18.963   1.309         
 0816   562  18.963   1.100         
 0817   562  18.964   1.369         
 0818   562  18.965   1.284         
 0819   562  18.968   1.718         
 0820   562  18.970   1.280         
 0821   562  18.970   1.393         
 0822   562  18.973   1.348         
 0823   562  18.977   1.702         
 0824   562  18.980   1.500         
 0825   562  18.981   1.550         
 0826   562  18.984   1.207         
 0827   562  18.989   1.799         
 0828   562  18.990   1.207         
 0829   562  18.991   1.310         
 0830   562  18.992   1.422         
 0832   562  18.998   1.163         
 0833   562  18.999   2.152         
 0834   562  19.000   1.059         
 0835   562  19.001   1.071         
 0836   562  19.003   1.623         
 0838   562  19.005   1.725         
 0839   562  19.012   1.269         
 0840   562  19.013   1.587         
 0842   562  19.021   1.558         
 0843   562  19.022   1.314         
 0844   562  19.023   1.461         
 0845   562  19.025   1.295         
 0847   562  19.026   1.557         
 0848   562  19.028   1.291         
 0849   562  19.030   1.308         
 0850   562  19.035   1.179         
 0851   562  19.038   1.133         
 0852   562  19.039   1.324         
 0853   562  19.042   1.688         
 0854   562  19.046   1.458         
 0855   562  19.047   1.265         
 0856   562  19.048   1.355         
 0857   562  19.054   1.207         
 0858   562  19.056   1.186         
 0859   562  19.058   1.244         
 0860   562  19.059   1.267         
 0861   562  19.065   1.483         
 0862   562  19.067   1.669         
 0863   562  19.069   2.288         
 0864   562  19.079   1.339         
 0865   562  19.079   1.773         
 0866   562  19.081   1.362         
 0868   562  19.084   1.252         
 0869   562  19.085   1.050         
 0870   562  19.088   1.831         
 0871   562  19.089   1.444         
 0872   562  19.090   1.263         
 0873   562  19.095   1.343         
 0874   562  19.097   1.142         
 0875   562  19.098   1.317         
 0876   562  19.103   1.678         
 0877   562  19.104   1.376         
 0878   562  19.106   1.462         
 0879   562  19.109   1.471         
 0881   562  19.118   1.350         
 0882   562  19.122   1.250         
 0883   562  19.126   1.879         
 0884   562  19.127   1.328         
 0885   562  19.127   1.412         
 0886   562  19.129   1.606         
 0887   562  19.130   1.747         
 0888   562  19.139   1.301         
 0889   562  19.139   0.970         
 0890   562  19.142   1.434         
 0891   562  19.143   1.405         
 0892   562  19.143   1.892         
 0893   562  19.155   1.763         
 0894   562  19.155   0.954         
 0895   562  19.156   1.144         
 0896   562  19.157   1.273         
 0897   562  19.157   1.374         
 0899   562  19.164   2.181         
 0900   562  19.165   1.410         
 0901   562  19.168   1.788         
 0903   562  19.175   1.295         
 0905   562  19.177   1.221         
 0906   562  19.178   1.101         
 0907   562  19.180   1.392         
 0909   562  19.188   1.852         
 0910   562  19.188   1.111         
 0911   562  19.191   1.185         
 0912   562  19.192   1.214         
 0914   562  19.198   0.969         
 0915   562  19.202   1.283         
 0916   562  19.204   1.395         
 0917   562  19.205   1.291         
 0918   562  19.208   1.390         
 0919   562  19.209   1.393         
 0920   562  19.211   1.326         
 0921   562  19.213   1.337         
 0922   562  19.214   1.383         
 0924   562  19.215   1.784         
 0925   562  19.216   1.155         
 0926   562  19.218   1.440         
 0927   562  19.219   1.264         
 0928   562  19.219   1.304         
 0929   562  19.220   1.925         
 0930   562  19.225   1.507         
 0931   562  19.226   1.467         
 0932   562  19.228   1.191         
 0933   562  19.230   1.338         
 0934   562  19.231   1.250         
 0935   562  19.234   1.380         
 0936   562  19.236   1.371         
 0937   562  19.236   1.355         
 0938   562  19.239   1.233         
 0939   562  19.241   1.145         
 0940   562  19.246   1.489         
 0941   562  19.246   1.651         
 0942   562  19.247   1.267         
 0943   562  19.248   1.298         
 0944   562  19.249   1.263         
 0945   562  19.252   1.326         
 0946   562  19.256   1.773         
 0947   562  19.258   1.296         
 0949   562  19.262   1.388         
 0950   562  19.262   1.462         
 0951   562  19.262   1.363  -0.090
 0952   562  19.263   1.589         
 0953   562  19.264   1.525         
 0954   562  19.264   1.356         
 0955   562  19.268   1.651         
 0957   562  19.272   1.348         
 0958   562  19.272   1.359         
 0959   562  19.273   1.855         
 0960   562  19.280   1.261         
 0961   562  19.280   1.881         
 0962   562  19.289   1.245         
 0963   562  19.290   1.511         
 0964   562  19.291   2.322         
 0965   562  19.297   1.899         
 0966   562  19.298   1.456         
 0967   562  19.300   1.673         
 0969   562  19.304   1.520  -0.027
 0970   562  19.306   1.390         
 0971   562  19.310   1.194         
 0972   562  19.317   1.348         
 0973   562  19.324   1.456         
 0974   562  19.324   1.760         
 0975   562  19.330   1.356         
 0976   562  19.332   1.328         
 0977   562  19.333   1.631         
 0978   562  19.334   1.789         
 0980   562  19.338   1.935         
 0981   562  19.339   1.529         
 0982   562  19.341   2.270         
 0983   562  19.346   1.609         
 0984   562  19.352   1.117         
 0985   562  19.353   1.596         
 0986   562  19.358   1.353         
 0988   562  19.367   1.796         
 0989   562  19.368   1.283         
 0990   562  19.369   1.335         
 0991   562  19.370   1.344         
 0992   562  19.371   1.216         
 0994   562  19.376   1.514         
 0995   562  19.377   1.390         
 0996   562  19.380   1.331         
 0997   562  19.384   0.890         
 0998   562  19.387   1.225         
 0999   562  19.387   1.308         
 1000   562  19.388   1.447         
 1001   562  19.392   1.335         
 1002   562  19.394   1.477         
 1003   562  19.394   1.615         
 1004   562  19.395   1.374         
 1005   562  19.397   1.571         
 1006   562  19.397   1.296         
 1007   562  19.398   0.924         
 1008   562  19.399   1.229         
 1009   562  19.403   1.231         
 1010   562  19.406   2.071         
 1011   562  19.410   1.336         
 1012   562  19.411   1.685         
 1013   562  19.420   1.453         
 1015   562  19.431   1.229         
 1016   562  19.435   1.581         
 1018   562  19.435   1.503         
 1019   562  19.436   1.486         
 1020   562  19.440   1.857         
 1021   562  19.447   1.565         
 1022   562  19.449   1.480         
 1023   562  19.449   1.337         
 1024   562  19.450   1.317         
 1025   562  19.453   1.388         
 1027   562  19.458   1.169         
 1028   562  19.460   1.377         
 1029   562  19.462   1.578         
 1030   562  19.465   1.420         
 1032   562  19.467   1.433         
 1033   562  19.471   1.344         
 1035   562  19.475   1.634         
 1037   562  19.479   1.639         
 1038   562  19.480   1.551         
 1039   562  19.482   1.858         
 1040   562  19.482   1.227         
 1041   562  19.482   1.824         
 1042   562  19.483   1.726         
 1043   562  19.489   1.493         
 1044   562  19.490   1.474         
 1045   562  19.493   1.487         
 1046   562  19.495   1.488         
 1048   562  19.498   1.939         
 1049   562  19.498   1.678         
 1050   562  19.498   1.544         
 1051   562  19.499   1.442         
 1054   562  19.505   1.336         
 1055   562  19.507   1.525         
 1056   562  19.507   1.453         
 1057   562  19.511   1.472         
 1058   562  19.511   1.641         
 1060   562  19.515   1.540         
 1061   562  19.516   1.615         
 1062   562  19.517   1.188         
 1063   562  19.518   1.233         
 1065   562  19.523   1.309         
 1067   562  19.528   1.343         
 1068   562  19.529   1.589         
 1069   562  19.529   1.384         
 1070   562  19.530   1.705         
 1071   562  19.531   1.250         
 1072   562  19.532   1.460         
 1073   562  19.532   1.350         
 1075   562  19.535   1.628         
 1076   562  19.540   1.282         
 1077   562  19.542   1.260         
 1078   562  19.542   1.026         
 1079   562  19.543   1.682         
 1080   562  19.544   1.480         
 1082   562  19.548   1.455         
 1083   562  19.548   1.574         
 1084   562  19.549   1.476         
 1085   562  19.551   1.897         
 1086   562  19.552   2.004         
 1087   562  19.557   1.270         
 1088   562  19.558   1.552         
 1089   562  19.558   1.305         
 1090   562  19.558   1.356         
 1091   562  19.560   1.300         
 1092   562  19.561   1.274         
 1094   562  19.565   1.244         
 1095   562  19.565   1.474         
 1096   562  19.567   0.895         
 1097   562  19.567   1.534         
 1098   562  19.568   1.402         
 1099   562  19.569   1.279         
 1100   562  19.569   1.501         
 1101   562  19.571   1.032         
 1102   562  19.571   1.372         
 1103   562  19.572   1.415         
 1104   562  19.573   1.773         
 1105   562  19.573   1.785         
 1106   562  19.577   1.210         
 1107   562  19.578   1.294         
 1109   562  19.580   1.220         
 1110   562  19.581   1.719         
 1111   562  19.582   1.512         
 1112   562  19.582   1.271         
 1113   562  19.582   1.383         
 1115   562  19.588   1.394         
 1118   562  19.598   1.470         
 1119   562  19.602   1.484         
 1121   562  19.609   1.352         
 1122   562  19.612   1.598         
 1123   562  19.612   1.448         
 1124   562  19.615   1.253         
 1125   562  19.616   1.197         
 1126   562  19.620   1.118         
 1127   562  19.623   1.276         
 1129   562  19.627   1.245         
 1130   562  19.628   1.805         
 1131   562  19.629   1.656         
 1132   562  19.629   1.598         
 1135   562  19.634   1.334         
 1137   562  19.636   1.260         
 1140   562  19.639   1.161         
 1141   562  19.640   1.794         
 1142   562  19.641   1.598         
 1145   562  19.644   1.331         
 1146   562  19.644   1.643         
 1147   562  19.646   1.186         
 1148   562  19.646   1.394         
 1149   562  19.648   1.300         
 1150   562  19.649   1.368         
 1151   562  19.655   1.533         
 1153   562  19.660   1.521         
 1154   562  19.660   1.862         
 1155   562  19.660   1.809         
 1156   562  19.662   1.468         
 1158   562  19.669   1.430         
 1160   562  19.672   1.641         
 1161   562  19.674   1.046         
 1162   562  19.676   1.605         
 1163   562  19.676   1.236         
 1166   562  19.685   1.255         
 1167   562  19.686   2.053         
 1168   562  19.687   1.211         
 1169   562  19.687   1.297         
 1171   562  19.690   1.141         
 1172   562  19.691   1.132         
 1173   562  19.692   1.757         
 1174   562  19.694   1.592         
 1175   562  19.698   1.659         
 1176   562  19.711   1.360         
 1177   562  19.712   1.427         
 1179   562  19.714   1.731         
 1180   562  19.718   1.166         
 1181   562  19.719   0.906         
 1183   562  19.720   1.223         
 1184   562  19.721   1.209         
 1185   562  19.722   1.695         
 1189   562  19.726   1.648         
 1190   562  19.728   1.678         
 1192   562  19.730   1.199         
 1194   562  19.733   1.406         
 1195   562  19.735   1.761         
 1196   562  19.735   1.221         
 1198   562  19.738   1.055         
 1199   562  19.738   1.486         
 1200   562  19.739   1.267         
 1201   562  19.741   1.248         
 1202   562  19.741   1.281         
 1203   562  19.742   1.287         
 1204   562  19.743   1.158         
 1205   562  19.743   1.450         
 1206   562  19.745   1.442         
 1207   562  19.747   1.656         
 1208   562  19.748   1.314         
 1210   562  19.755   1.271         
 1211   562  19.755   1.247         
 1212   562  19.756   1.458         
 1213   562  19.758   1.552         
 1215   562  19.760   1.261         
 1216   562  19.760   1.376         
 1217   562  19.760   1.341         
 1218   562  19.760   1.384         
 1219   562  19.763   1.072         
 1220   562  19.765   1.438         
 1221   562  19.767   1.424         
 1222   562  19.769   1.422         
 1225   562  19.775   1.453         
 1226   562  19.775   1.427         
 1228   562  19.783   1.276         
 1229   562  19.784   1.466         
 1230   562  19.787   1.735         
 1231   562  19.788   1.715         
 1233   562  19.790   1.815         
 1236   562  19.791   1.809         
 1238   562  19.795   1.434         
 1239   562  19.799   1.861         
 1240   562  19.805   1.368         
 1241   562  19.807   1.348         
 1242   562  19.807   0.484         
 1243   562  19.809   1.261         
 1244   562  19.815   1.493         
 1245   562  19.815   1.210         
 1246   562  19.816   1.437         
 1248   562  19.818   1.409         
 1250   562  19.820   1.561         
 1252   562  19.822   1.502         
 1254   562  19.825   1.188         
 1255   562  19.834   1.951         
 1256   562  19.834   1.391         
 1257   562  19.837   1.691         
 1258   562  19.840   1.766         
 1263   562  19.845   1.505         
 1265   562  19.847   1.233         
 1266   562  19.849   1.372         
 1267   562  19.850   1.331         
 1271   562  19.863   1.614         
 1272   562  19.864   2.021         
 1273   562  19.865   1.461         
 1276   562  19.869   1.570         
 1277   562  19.872   1.312         
 1278   562  19.873   1.273         
 1280   562  19.875   1.333         
 1282   562  19.875   1.340         
 1283   562  19.875   1.219         
 1286   562  19.882   1.279         
 1287   562  19.882   1.231         
 1289   562  19.884   1.582         
 1290   562  19.885   1.169         
 1291   562  19.885   1.652         
 1292   562  19.887   1.387         
 1294   562  19.888   1.319         
 1295   562  19.890   1.351         
 1298   562  19.892   1.362         
 1299   562  19.894   1.152         
 1300   562  19.896   1.356         
 1301   562  19.899   1.514         
 1302   562  19.901   1.606         
 1305   562  19.903   1.498         
 1306   562  19.905   1.241         
 1307   562  19.910   1.496         
 1308   562  19.910   1.384         
 1309   562  19.913   1.348         
 1312   562  19.918   2.354         
 1314   562  19.919   1.232         
 1316   562  19.922   1.327         
 1317   562  19.923   1.652         
 1318   562  19.924   1.429         
 1322   562  19.930   1.915         
 1324   562  19.935   1.631         
 1326   562  19.937   1.304         
 1327   562  19.938   1.476         
 1328   562  19.938   1.347         
 1329   562  19.938   1.422         
 1330   562  19.939   1.227         
 1331   562  19.942   1.515         
 1332   562  19.944   1.251         
 1333   562  19.944   1.272         
 1334   562  19.945   1.510         
 1338   562  19.954   1.531         
 1339   562  19.955   1.494         
 1340   562  19.957   1.450         
 1343   562  19.959   1.125         
 1345   562  19.963   1.449         
 1346   562  19.966   1.378         
 1347   562  19.969   1.611         
 1351   562  19.979   1.691         
 1352   562  19.983   1.123         
 1353   562  19.984   1.434         
 1356   562  19.990   1.332         
 1357   562  19.994   1.223         
 1362   562  19.999   1.375         
 1363   562  20.002   1.335         
 1364   562  20.003   1.337         
 1365   562  20.004   1.746         
 1366   562  20.005   1.405         
 1367   562  20.006   1.026         
 1368   562  20.006   1.605         
 1369   562  20.009   1.359         
 1370   562  20.010   1.238         
 1372   562  20.012   1.611         
 1373   562  20.015   1.413         
 1375   562  20.017   1.873         
 1376   562  20.018   1.238         
 1380   562  20.023   1.318         
 1383   562  20.032   1.477         
 1387   562  20.034   1.294         
 1389   562  20.036   1.702         
 1390   562  20.038   1.185         
 1395   562  20.046   2.061         
 1398   562  20.050   1.535         
 1400   562  20.056   1.548         
 1402   562  20.061   1.255         
 1404   562  20.062   1.191         
 1407   562  20.064   1.508         
 1408   562  20.065   0.545         
 1410   562  20.066   1.273         
 1411   562  20.066   2.410         
 1416   562  20.073   1.711         
 1417   562  20.073   1.451         
 1418   562  20.074   1.408         
 1421   562  20.079   1.257         
 1422   562  20.079   1.263         
 1423   562  20.081   1.380         
 1424   562  20.082   1.477         
 1425   562  20.082   1.660         
 1426   562  20.083   1.292         
 1427   562  20.083   1.575         
 1429   562  20.084   1.665         
 1430   562  20.085   0.830         
 1433   562  20.092   1.476         
 1435   562  20.094   1.736         
 1436   562  20.095   1.446         
 1437   562  20.098   1.261         
 1438   562  20.099   1.351         
 1439   562  20.099   1.909         
 1441   562  20.100   1.572         
 1442   562  20.100   1.305         
 1443   562  20.100   1.164         
 1446   562  20.102   1.349         
 1447   562  20.102   1.661         
 1448   562  20.102   1.362         
 1450   562  20.104   1.454         
 1453   562  20.111   1.451         
 1454   562  20.112   1.538         
 1455   562  20.112   1.109         
 1457   562  20.113   1.368         
 1467   562  20.131   1.795         
 1468   562  20.135   1.468         
 1471   562  20.139   1.325         
 1475   562  20.143   1.381         
 1477   562  20.146   0.908         
 1479   562  20.148   1.357         
 1481   562  20.150   1.597         
 1482   562  20.151   1.582         
 1484   562  20.153   1.242         
 1485   562  20.155   1.263         
 1486   562  20.159   0.992         
 1487   562  20.161   1.600         
 1489   562  20.163   1.376         
 1496   562  20.176   1.333         
 1501   562  20.187   1.669         
 1505   562  20.190   1.234         
 1506   562  20.190   1.375         
 1507   562  20.193   1.922         
 1508   562  20.193   1.420         
 1510   562  20.194   1.376         
 1512   562  20.196   1.225         
 1514   562  20.200   1.163         
 1515   562  20.201   1.861         
 1523   562  20.211   1.316         
 1526   562  20.214   1.310         
 1530   562  20.219   1.677         
 1535   562  20.223   1.615         
 1540   562  20.232   1.301         
 1541   562  20.232   1.237         
 1543   562  20.234   1.133         
 1545   562  20.235   1.407         
 1547   562  20.237   1.368         
 1549   562  20.243   1.409         
 1550   562  20.243   1.388         
 1553   562  20.248   1.260         
 1556   562  20.249   1.299         
 1557   562  20.250   1.712         
 1558   562  20.251   1.446         
 1562   562  20.254   1.198         
 1563   562  20.255   1.299         
 1568   562  20.257   1.369         
 1570   562  20.263   1.239         
 1571   562  20.265   1.321         
 1575   562  20.267   1.561         
 1576   562  20.269   1.206         
 1578   562  20.273   1.406         
 1579   562  20.273   1.513         
 1586   562  20.277   0.936         
 1587   562  20.277   1.499         
 1589   562  20.279   0.761         
 1593   562  20.282   1.006         
 1600   562  20.287   1.252         
 1603   562  20.291   1.326         
 1604   562  20.292   2.096         
 1608   562  20.297   1.505         
 1609   562  20.299   1.363         
 1613   562  20.303   1.934         
 1616   562  20.310   1.323         
 1622   562  20.319   1.394         
 1627   562  20.323   1.114         
 1636   562  20.340   1.390         
 1639   562  20.342   1.241         
 1642   562  20.347   1.366         
 1646   562  20.350   1.598         
 1653   562  20.355   1.005         
 1655   562  20.356   1.406         
 1656   562  20.359   1.483         
 1672   562  20.377   1.586         
 1686   562  20.397   1.442         
 1688   562  20.397   1.108         
 1689   562  20.398   1.251         
 1695   562  20.412   1.375         
 1713   562  20.428   1.565         
 1720   562  20.439   1.526         
 1727   562  20.451   0.983         
 1741   562  20.469   1.534         
 1767   562  20.503   1.425         
 1776   562  20.507   1.468         
 1779   562  20.508   1.169         
 1780   562  20.509   1.226         
 1798   562  20.522   1.238         
 1803   562  20.527   1.297         
 1815   562  20.545   1.116         
 1821   562  20.556   1.159         
 1823   562  20.562   1.308         
 1830   562  20.571   1.177         
 1837   562  20.580   1.297         
 1858   562  20.600   1.478         
 1859   562  20.602   0.967         
 1861   562  20.605   1.115         
 1871   562  20.622   1.366         
 1888   562  20.639   1.332         
 1889   562  20.640   1.653         
 1893   562  20.642   1.691         
 1899   562  20.647   1.991         
 1912   562  20.663   1.515         
 1913   562  20.665   1.203         
 1926   562  20.688   1.735         
 1944   562  20.718   1.198         
 1946   562  20.719   1.291         
 1963   562  20.738   1.641         
 1998   562  20.786   1.274         
 2014   562  20.818   1.493         
 2020   562  20.826   1.601         
 2065   562  20.886   0.831         
 2137   562  20.978   1.294         
 2182   562  21.064   0.709         
 2214   562  21.142   1.575         

